0.010 1.000E+00 9.661E-01 3.387E-02 3.734E-16 9.223E-07 1.000E+00
0.020 1.000E+00 9.318E-01 6.815E-02 9.257E-16 1.330E-06 1.000E+00
0.030 1.000E+00 8.984E-01 1.016E-01 1.773E-15 1.603E-06 1.000E+00
0.040 1.000E+00 8.660E-01 1.340E-01 2.994E-15 1.812E-06 1.000E+00
0.050 1.000E+00 8.347E-01 1.653E-01 4.661E-15 1.983E-06 1.000E+00
0.060 1.000E+00 8.044E-01 1.956E-01 6.874E-15 2.126E-06 1.000E+00
0.070 1.000E+00 7.752E-01 2.248E-01 9.791E-15 2.250E-06 1.000E+00
0.080 1.000E+00 7.470E-01 2.530E-01 1.345E-14 2.358E-06 1.000E+00
0.090 1.000E+00 7.197E-01 2.803E-01 1.796E-14 2.454E-06 1.000E+00
0.100 1.000E+00 6.935E-01 3.065E-01 2.344E-14 2.539E-06 1.000E+00
0.110 1.000E+00 6.682E-01 3.318E-01 2.995E-14 2.617E-06 1.000E+00
0.120 1.000E+00 6.438E-01 3.562E-01 3.753E-14 2.688E-06 1.000E+00
0.130 1.000E+00 6.203E-01 3.797E-01 4.690E-14 2.753E-06 1.000E+00
0.140 1.000E+00 5.976E-01 4.024E-01 5.765E-14 2.814E-06 1.000E+00
0.150 1.000E+00 5.757E-01 4.243E-01 6.957E-14 2.871E-06 1.000E+00
0.160 1.000E+00 5.547E-01 4.453E-01 8.333E-14 2.925E-06 1.000E+00
0.170 1.001E+00 5.344E-01 4.656E-01 9.932E-14 2.976E-06 1.000E+00
0.180 1.001E+00 5.148E-01 4.852E-01 1.160E-13 3.025E-06 1.000E+00
0.190 1.001E+00 4.960E-01 5.040E-01 1.363E-13 3.073E-06 1.000E+00
0.200 1.001E+00 4.778E-01 5.222E-01 1.572E-13 3.119E-06 1.000E+00
0.210 1.001E+00 4.603E-01 5.397E-01 1.813E-13 3.166E-06 1.000E+00
0.220 1.001E+00 4.434E-01 5.566E-01 2.066E-13 3.212E-06 1.000E+00
0.230 1.001E+00 4.271E-01 5.729E-01 2.353E-13 3.258E-06 1.000E+00
0.240 1.001E+00 4.114E-01 5.886E-01 2.642E-13 3.304E-06 1.000E+00
0.250 1.001E+00 3.963E-01 6.037E-01 2.984E-13 3.352E-06 1.000E+00
0.260 1.001E+00 3.818E-01 6.182E-01 3.313E-13 3.400E-06 1.000E+00
0.270 1.001E+00 3.677E-01 6.323E-01 3.704E-13 3.449E-06 1.000E+00
0.280 1.001E+00 3.542E-01 6.458E-01 4.095E-13 3.500E-06 1.000E+00
0.290 1.001E+00 3.412E-01 6.588E-01 4.494E-13 3.552E-06 1.000E+00
0.300 1.001E+00 3.287E-01 6.713E-01 4.961E-13 3.606E-06 1.000E+00
0.310 1.001E+00 3.166E-01 6.834E-01 5.410E-13 3.662E-06 1.000E+00
0.320 1.001E+00 3.050E-01 6.950E-01 5.878E-13 3.720E-06 1.000E+00
0.330 1.001E+00 2.938E-01 7.062E-01 6.413E-13 3.780E-06 1.000E+00
0.340 1.001E+00 2.830E-01 7.170E-01 6.927E-13 3.842E-06 1.000E+00
0.350 1.001E+00 2.726E-01 7.274E-01 7.424E-13 3.906E-06 1.000E+00
0.360 1.001E+00 2.626E-01 7.374E-01 8.037E-13 3.973E-06 1.000E+00
0.370 1.001E+00 2.530E-01 7.470E-01 8.627E-13 4.042E-06 1.000E+00
0.380 1.001E+00 2.437E-01 7.563E-01 9.194E-13 4.113E-06 1.000E+00
0.390 1.001E+00 2.347E-01 7.653E-01 9.779E-13 4.187E-06 1.000E+00
0.400 1.001E+00 2.262E-01 7.738E-01 1.045E-12 4.262E-06 1.000E+00
0.410 1.001E+00 2.179E-01 7.821E-01 1.110E-12 4.340E-06 1.000E+00
0.420 1.001E+00 2.099E-01 7.901E-01 1.173E-12 4.421E-06 1.000E+00
0.430 1.001E+00 2.022E-01 7.978E-01 1.233E-12 4.503E-06 1.000E+00
0.440 1.001E+00 1.948E-01 8.052E-01 1.306E-12 4.588E-06 1.000E+00
0.450 1.001E+00 1.877E-01 8.123E-01 1.377E-12 4.674E-06 1.000E+00
0.460 1.001E+00 1.809E-01 8.191E-01 1.446E-12 4.762E-06 1.001E+00
0.470 1.001E+00 1.743E-01 8.257E-01 1.513E-12 4.852E-06 1.001E+00
0.480 1.001E+00 1.679E-01 8.321E-01 1.577E-12 4.944E-06 1.001E+00
0.490 1.001E+00 1.618E-01 8.382E-01 1.649E-12 5.038E-06 1.001E+00
0.500 1.001E+00 1.559E-01 8.441E-01 1.725E-12 5.133E-06 1.001E+00
0.510 1.001E+00 1.503E-01 8.497E-01 1.799E-12 5.230E-06 1.001E+00
0.520 1.001E+00 1.448E-01 8.552E-01 1.869E-12 5.328E-06 1.001E+00
0.530 1.001E+00 1.396E-01 8.604E-01 1.938E-12 5.428E-06 1.001E+00
0.540 1.001E+00 1.345E-01 8.655E-01 2.003E-12 5.529E-06 1.001E+00
0.550 1.001E+00 1.296E-01 8.704E-01 2.068E-12 5.631E-06 1.001E+00
0.560 1.001E+00 1.250E-01 8.750E-01 2.146E-12 5.734E-06 1.001E+00
0.570 1.001E+00 1.205E-01 8.795E-01 2.221E-12 5.839E-06 1.001E+00
0.580 1.001E+00 1.161E-01 8.839E-01 2.293E-12 5.944E-06 1.001E+00
0.590 1.001E+00 1.120E-01 8.880E-01 2.363E-12 6.051E-06 1.001E+00
0.600 1.001E+00 1.079E-01 8.921E-01 2.431E-12 6.158E-06 1.001E+00
0.610 1.001E+00 1.041E-01 8.959E-01 2.496E-12 6.267E-06 1.001E+00
0.620 1.001E+00 1.004E-01 8.996E-01 2.558E-12 6.376E-06 1.001E+00
0.630 1.001E+00 9.678E-02 9.032E-01 2.619E-12 6.485E-06 1.001E+00
0.640 1.001E+00 9.333E-02 9.067E-01 2.684E-12 6.596E-06 1.001E+00
0.650 1.001E+00 9.002E-02 9.100E-01 2.756E-12 6.707E-06 1.001E+00
0.660 1.001E+00 8.682E-02 9.132E-01 2.825E-12 6.819E-06 1.001E+00
0.670 1.001E+00 8.375E-02 9.162E-01 2.891E-12 6.931E-06 1.001E+00
0.680 1.001E+00 8.079E-02 9.192E-01 2.956E-12 7.043E-06 1.001E+00
0.690 1.001E+00 7.795E-02 9.221E-01 3.018E-12 7.156E-06 1.001E+00
0.700 1.001E+00 7.521E-02 9.248E-01 3.077E-12 7.270E-06 1.001E+00
0.710 1.001E+00 7.257E-02 9.274E-01 3.135E-12 7.383E-06 1.001E+00
0.720 1.001E+00 7.003E-02 9.300E-01 3.191E-12 7.497E-06 1.001E+00
0.730 1.001E+00 6.759E-02 9.324E-01 3.245E-12 7.612E-06 1.001E+00
0.740 1.001E+00 6.524E-02 9.348E-01 3.297E-12 7.726E-06 1.001E+00
0.750 1.001E+00 6.297E-02 9.370E-01 3.347E-12 7.841E-06 1.001E+00
0.760 1.001E+00 6.079E-02 9.392E-01 3.395E-12 7.955E-06 1.001E+00
0.770 1.001E+00 5.869E-02 9.413E-01 3.453E-12 8.070E-06 1.001E+00
0.780 1.001E+00 5.668E-02 9.433E-01 3.511E-12 8.184E-06 1.001E+00
0.790 1.001E+00 5.473E-02 9.453E-01 3.566E-12 8.299E-06 1.001E+00
0.800 1.001E+00 5.286E-02 9.471E-01 3.620E-12 8.413E-06 1.001E+00
0.810 1.001E+00 5.106E-02 9.489E-01 3.671E-12 8.528E-06 1.001E+00
0.820 1.001E+00 4.932E-02 9.507E-01 3.721E-12 8.642E-06 1.001E+00
0.830 1.001E+00 4.765E-02 9.523E-01 3.769E-12 8.756E-06 1.001E+00
0.840 1.001E+00 4.605E-02 9.540E-01 3.816E-12 8.870E-06 1.001E+00
0.850 1.001E+00 4.450E-02 9.555E-01 3.861E-12 8.983E-06 1.001E+00
0.860 1.001E+00 4.301E-02 9.570E-01 3.905E-12 9.096E-06 1.001E+00
0.870 1.001E+00 4.157E-02 9.584E-01 3.947E-12 9.209E-06 1.001E+00
0.880 1.001E+00 4.019E-02 9.598E-01 3.987E-12 9.321E-06 1.001E+00
0.890 1.001E+00 3.886E-02 9.611E-01 4.027E-12 9.433E-06 1.001E+00
0.900 1.001E+00 3.758E-02 9.624E-01 4.065E-12 9.545E-06 1.001E+00
0.910 1.001E+00 3.634E-02 9.637E-01 4.101E-12 9.656E-06 1.001E+00
0.920 1.001E+00 3.515E-02 9.648E-01 4.137E-12 9.767E-06 1.001E+00
0.930 1.001E+00 3.401E-02 9.660E-01 4.171E-12 9.877E-06 1.001E+00
0.940 1.001E+00 3.290E-02 9.671E-01 4.205E-12 9.986E-06 1.001E+00
0.950 1.001E+00 3.184E-02 9.682E-01 4.237E-12 1.009E-05 1.001E+00
0.960 1.001E+00 3.081E-02 9.692E-01 4.268E-12 1.020E-05 1.001E+00
0.970 1.001E+00 2.983E-02 9.702E-01 4.298E-12 1.031E-05 1.001E+00
0.980 1.001E+00 2.888E-02 9.711E-01 4.327E-12 1.042E-05 1.001E+00
0.990 1.001E+00 2.796E-02 9.720E-01 4.357E-12 1.052E-05 1.001E+00
1.000 1.001E+00 2.708E-02 9.729E-01 4.392E-12 1.063E-05 1.001E+00
